[test]
priority = 5
isActive = 1
positionX = 0.400000
positionY = 0.000000
positionZ = 0.000000
scaleX = 1.000000
scaleY = 1.000000
scaleZ = 1.000000
rotation = 0.000000


[:test>class Puly::ColoredComponent]
owner = test
state = 1
colorR = 0.892308
colorG = 0.260828
colorB = 0.260828
colorA = 1.000000
