[emitter]
priority = 1
isActive = 1
positionX = 0.000000
positionY = 0.000000
positionZ = 0.000000
scaleX = 1.000000
scaleY = 1.000000
scaleZ = 1.000000
rotation = 0.000000
