[square]
priority = 1
isActive = 1
positionX = 0.200000
positionY = -0.400000
positionZ = 0.000000
scaleX = 0.400000
scaleY = 1.000000
scaleZ = 1.000000
rotation = 14.000000


[:square>class Puly::ColoredComponent]
owner = square
state = 1
colorR = 0.161630
colorG = 0.938462
colorB = 0.110690
colorA = 1.000000
